[app/ui]
version = 8.2.1
modtime = 1629139574.205710000

[app/launcher]
version = 8.2.1
modtime = 1629139574.206469000
